0.0310832 0.436188 0.713671 0.506939 0.311781 0.556391 0.494499 0.563094 0.497219 0.488485 0.509602 0.488954 0.511616 0.382863 0.53396 0.516953 0.624563 0.198876 0.676745 0.308976 0.18774 0.613718 0.35922 0.622459 0.264308 0.62268 0.347028 0.637631 0.449531 0.379195 0.590638 0.449137 0.619306 0.210612 0.641214 0.32295 0.503686 0.379161 0.598218 0.430617 0.481495 0.404771 0.633785 0.404835 0.429293 0.402316 0.671748 0.416548 0.549888 0.313116 0.644031 0.351576 0.532733 0.374493 0.576296 0.434537 0.295971 0.550807 0.501004 0.561991 0.297368 0.527917 0.491378 0.564781 
0.513438 0.477862 0.514826 0.480698 0.524335 0.464944 0.526087 0.468321 0.533383 0.450367 0.536958 0.455327 0.605098 0.349384 0.605853 0.360776 0.490423 0.502448 0.493055 0.503686 0.489338 0.497101 0.499356 0.501472 0.476957 0.50909 0.484291 0.514592 0.5144 0.469602 0.519699 0.478542 0.477751 0.509949 0.484571 0.514292 0.496062 0.49079 0.501273 0.500178 0.480162 0.50698 0.487907 0.514382 0.462764 0.522111 0.469236 0.527793 0.486644 0.501829 0.491573 0.503373 0.504387 0.483476 0.509477 0.487687 0.515476 0.471692 0.519787 0.476959 0.481363 0.507354 0.485098 0.513267 
0.3236 0.585199 0.405017 0.589708 0.217883 0.622907 0.3697 0.627578 0.248826 0.614436 0.369772 0.62329 0.380713 0.56273 0.425737 0.570156 0.523498 0.454897 0.526562 0.462122 0.528725 0.45444 0.534573 0.456806 0.519133 0.452121 0.533448 0.46281 0.460885 0.509199 0.478139 0.518228 0.495787 0.485273 0.504788 0.492264 0.482177 0.501169 0.490876 0.504752 0.482558 0.499343 0.491325 0.504444 0.502563 0.481069 0.507576 0.486974 0.464853 0.506171 0.487362 0.512395 0.480466 0.501565 0.494664 0.505432 0.462571 0.511754 0.479331 0.513732 0.472877 0.505167 0.489289 0.513001 
0.4962 0.491852 0.498734 0.494974 0.506267 0.486591 0.506699 0.488035 0.514581 0.473493 0.515277 0.48043 0.514376 0.473313 0.519191 0.477281 0.394559 0.565287 0.420459 0.572876 0.369293 0.578142 0.417669 0.579653 0.344278 0.585794 0.408436 0.593618 0.383104 0.570449 0.422128 0.574163 0.516966 0.467075 0.526435 0.470412 0.540868 0.432234 0.55827 0.436628 0.545685 0.432217 0.552592 0.443068 0.4931 0.489759 0.498526 0.493985 0.496942 0.489679 0.507743 0.49033 0.454068 0.513747 0.484574 0.522656 0.497621 0.480632 0.515038 0.484341 0.508915 0.480046 0.517128 0.48208 
-0.134927 0.572975 0.535135 0.58683 0.245336 0.493683 0.517025 0.636663 0.533925 0.429194 0.543403 0.482067 0.388207 0.535493 0.451637 0.589052 0.51092 0.235115 0.762607 0.26625 0.358407 0.576931 0.447275 0.578321 0.632857 0.225983 0.647879 0.272209 0.505732 0.438781 0.509321 0.481936 0.413089 0.479939 0.462911 0.608574 -0.0895363 0.641207 0.38359 0.646286 0.345323 0.522092 0.569738 0.523139 0.582563 0.294774 0.583351 0.341595 0.668638 0.182013 0.668638 0.265337 0.528162 0.437176 0.528162 0.441567 0.0725798 0.673392 0.175079 0.713235 0.075946 0.502299 0.51782 0.549069 
0.401504 0.558142 0.427101 0.559288 0.356741 0.588382 0.39492 0.589085 0.372081 0.577305 0.403986 0.582012 0.480787 0.505587 0.482023 0.512242 0.511685 0.464206 0.51706 0.47193 0.455654 0.527026 0.464907 0.534044 0.389857 0.560501 0.427155 0.572979 0.344794 0.543203 0.408605 0.590839 0.559375 0.410756 0.566639 0.420879 0.501114 0.471705 0.516795 0.48744 0.479675 0.491429 0.502719 0.505156 0.419555 0.5436 0.442066 0.551274 0.570784 0.381411 0.586199 0.399628 0.521705 0.432078 0.553485 0.45103 0.53849 0.411794 0.554757 0.433045 0.470423 0.501389 0.494222 0.50508 
0.484582 0.503438 0.490529 0.506595 0.500071 0.48454 0.506281 0.494379 0.503466 0.488383 0.50683 0.490027 0.514992 0.296991 0.522171 0.589607 0.477568 0.509568 0.485613 0.513499 0.483886 0.49669 0.497801 0.509551 0.496612 0.486112 0.511119 0.494546 0.512168 0.305301 0.518242 0.602672 0.494403 0.491837 0.501061 0.496795 0.489017 0.497399 0.497974 0.504871 0.494798 0.49028 0.505207 0.500513 0.520213 0.301821 0.525113 0.593863 0.486159 0.494643 0.50635 0.497009 0.485 0.502277 0.499663 0.502681 0.480973 0.498945 0.497175 0.506661 0.491499 0.301628 0.511461 0.611107 
0.449026 0.537067 0.45496 0.538579 0.483689 0.506375 0.486443 0.510097 0.509179 0.482661 0.511701 0.483814 0.532954 0.456641 0.53433 0.46125 0.523195 0.465118 0.52848 0.467598 0.481834 0.508468 0.488269 0.511656 0.462424 0.526763 0.468331 0.530371 0.485305 0.503637 0.489248 0.509633 0.520495 0.470955 0.523385 0.4728 0.530988 0.461878 0.531798 0.463918 0.514097 0.480032 0.516639 0.481991 0.488328 0.498482 0.495568 0.503356 0.456191 0.531107 0.461563 0.532205 0.485728 0.505046 0.492846 0.506529 0.513091 0.478367 0.518474 0.480058 0.531794 0.454894 0.537199 0.459032 
0.581393 0.354408 0.591743 0.378913 0.528839 0.39815 0.556896 0.460307 0.499181 0.413884 0.572061 0.444185 0.398149 0.504621 0.510692 0.51433 0.444424 0.530647 0.460018 0.535816 0.567618 0.356673 0.617593 0.384731 0.543399 0.387005 0.603795 0.402635 0.567104 0.380534 0.573753 0.386337 0.42077 0.553231 0.426823 0.56652 0.552342 0.399181 0.559356 0.443933 0.542352 0.37215 0.581553 0.431296 0.318469 0.519985 0.498513 0.529801 0.460477 0.511605 0.466455 0.518613 0.426838 0.547215 0.440222 0.551154 0.59973 0.305798 0.612797 0.371461 0.568053 0.389065 0.577865 0.403854 
0.432586 0.54094 0.448047 0.542531 0.425988 0.551335 0.431706 0.55929 0.461007 0.523932 0.469469 0.5277 0.511199 0.472785 0.514513 0.483208 0.465812 0.510087 0.486542 0.51334 0.429524 0.544205 0.443329 0.551845 0.441073 0.546748 0.446137 0.547675 0.500582 0.483926 0.504938 0.497558 0.495304 0.487962 0.508904 0.493035 0.479978 0.505041 0.485396 0.509187 0.47321 0.519047 0.476299 0.519788 0.493447 0.493932 0.497262 0.502622 0.505708 0.46767 0.52101 0.480468 0.410461 0.554698 0.439782 0.555515 0.389143 0.572708 0.413836 0.574673 0.438614 0.534124 0.458526 0.543559 
0.457437 0.52691 0.460845 0.533954 0.348465 0.570063 0.443944 0.572704 0.421746 0.419498 0.505838 0.582299 0.381804 0.332468 0.415249 0.606975 0.478143 0.491404 0.507497 0.49848 0.37286 0.511665 0.497772 0.533263 0.198738 0.412133 0.483951 0.635309 0.479282 0.298968 0.49018 0.549906 0.573612 0.388449 0.583859 0.402733 0.544395 0.370711 0.621853 0.383236 0.512831 0.399586 0.608428 0.422038 0.514463 0.340627 0.599966 0.429146 -0.222666 0.386959 0.631249 0.473792 -0.240184 0.461635 0.587893 0.500676 0.164061 0.550971 0.524754 0.553222 0.255085 0.424094 0.604417 0.569243 
0.587953 0.366042 0.588932 0.391722 0.47458 0.510667 0.479609 0.518417 0.484245 0.496296 0.492895 0.505128 0.510461 0.480822 0.513558 0.485437 0.550863 0.428661 0.553602 0.440162 0.529831 0.453302 0.531956 0.466728 0.477327 0.510602 0.48371 0.515542 0.496364 0.491546 0.50301 0.495204 0.479752 0.500786 0.495099 0.505483 0.541442 0.440248 0.546057 0.4514 0.500119 0.490299 0.505168 0.493096 0.482624 0.505401 0.491268 0.50937 0.449157 0.529889 0.463605 0.53088 0.516164 0.462026 0.524646 0.475024 0.495558 0.492454 0.50424 0.495268 0.480073 0.504803 0.492047 0.50851 
0.493597 0.489253 0.495566 0.50092 0.490927 0.50212 0.492726 0.502863 0.505008 0.480427 0.508878 0.488504 0.497181 0.487344 0.501962 0.494654 0.485373 0.500895 0.492364 0.505306 0.494581 0.495219 0.500585 0.496629 0.495199 0.492274 0.50228 0.494534 0.499278 0.487025 0.501949 0.494443 0.473453 0.51442 0.479071 0.515743 0.483551 0.505574 0.490892 0.506154 0.497445 0.489897 0.504624 0.495109 0.48849 0.500112 0.493546 0.507863 0.253895 0.594789 0.431648 0.596479 0.283973 0.578212 0.461297 0.579604 0.340318 0.550416 0.498652 0.551793 0.370654 0.528707 0.516387 0.537069 
0.528413 0.445069 0.53618 0.446873 0.372076 0.542456 0.473659 0.544056 0.49213 0.443992 0.573336 0.447083 0.637141 0.261025 0.639902 0.269245 0.445734 0.533073 0.457254 0.533704 0.555047 0.412311 0.569313 0.416825 0.517411 0.427305 0.557114 0.453709 0.297156 0.579136 0.423187 0.588411 0.518386 0.46701 0.520184 0.46701 0.526533 0.458673 0.528023 0.466815 0.59628 0.356532 0.597163 0.377273 0.547192 0.42795 0.552743 0.436304 0.340687 0.601128 0.36763 0.601151 0.494602 0.48107 0.497576 0.482544 0.515373 0.475401 0.519209 0.476871 0.61399 0.300197 0.619861 0.340264 
0.534323 0.451227 0.535309 0.453171 0.547821 0.429875 0.55018 0.439945 0.517313 0.460933 0.525997 0.469385 0.50148 0.479855 0.513155 0.488864 0.569897 0.408357 0.572583 0.409153 0.581992 0.392437 0.583607 0.39698 0.581177 0.390191 0.582446 0.394893 0.555209 0.422038 0.556778 0.433004 0.525009 0.46474 0.527501 0.467087 0.549089 0.433095 0.550605 0.439439 0.557129 0.421008 0.564484 0.425974 0.540032 0.439062 0.547567 0.445444 0.482295 0.50297 0.492115 0.503549 0.536896 0.447587 0.542426 0.450864 0.538702 0.444311 0.544089 0.448212 0.527635 0.448408 0.540457 0.455717 
0.521554 0.471472 0.524938 0.471591 0.536455 0.44675 0.54404 0.447473 0.549691 0.434842 0.553122 0.4377 0.549309 0.427381 0.554315 0.432759 0.475692 0.498955 0.503253 0.49917 0.500908 0.481095 0.518371 0.481366 0.505158 0.473587 0.53071 0.474345 0.492134 0.474478 0.527917 0.481423 0.249363 0.616721 0.378615 0.618507 0.252948 0.612101 0.396744 0.613794 0.253303 0.596876 0.428684 0.601794 0.272428 0.594581 0.406833 0.601181 0.441204 0.535901 0.456311 0.5368 0.464149 0.519792 0.475096 0.521572 0.479247 0.504592 0.488296 0.510239 0.470305 0.512426 0.481264 0.519047 
0.449114 0.528862 0.463658 0.535872 0.51023 0.439842 0.52561 0.486343 0.557634 0.363029 0.587706 0.415734 0.494338 0.417276 0.529975 0.492874 0.38607 0.560453 0.427923 0.571048 0.393097 0.539857 0.439418 0.572277 0.565273 0.322262 0.601916 0.42258 0.515064 0.356902 0.583309 0.447921 0.448187 0.520419 0.470506 0.5284 0.446722 0.518199 0.469705 0.533416 0.511991 0.429814 0.550489 0.47995 0.627782 0.175611 0.638133 0.336387 0.358704 0.56198 0.444404 0.565246 0.305266 0.575908 0.415164 0.583397 0.429054 0.497929 0.504926 0.519331 0.570007 0.226362 0.636175 0.380857 
0.507215 0.440962 0.549744 0.452392 0.507954 0.461341 0.5245 0.479929 0.527591 0.414426 0.534602 0.465603 0.583325 0.26472 0.589502 0.404526 0.472004 0.464867 0.522902 0.484674 0.453378 0.494128 0.506204 0.514995 0.425317 0.506635 0.486657 0.53928 0.630955 0.128108 0.649705 0.347342 0.481835 0.466801 0.518396 0.495913 0.49661 0.427673 0.546262 0.478776 0.431131 0.519477 0.47594 0.530424 0.601909 0.262753 0.608208 0.40052 0.516701 0.443673 0.53499 0.471394 0.491763 0.464856 0.524545 0.484228 0.426071 0.547225 0.444477 0.549814 0.461051 0.38806 0.528494 0.513494 
0.562171 0.406763 0.56753 0.412835 0.50238 0.476064 0.513829 0.484832 0.427072 0.533017 0.460402 0.545448 0.328286 0.588815 0.403053 0.596031 0.508606 0.470503 0.516412 0.476608 0.563647 0.405093 0.572989 0.414352 0.569956 0.393332 0.581329 0.400732 0.57094 0.392913 0.575108 0.405715 0.425098 0.550667 0.439763 0.552791 0.44851 0.529584 0.469437 0.533769 0.496962 0.483061 0.512097 0.489251 0.500851 0.478055 0.518392 0.486311 0.507066 0.471669 0.523515 0.477867 0.486993 0.49479 0.504456 0.496807 0.478284 0.499687 0.497729 0.503344 0.482441 0.493847 0.500913 0.501718 
0.464676 0.500465 0.469452 0.528803 0.590235 0.278318 0.608152 0.399803 0.419883 0.527994 0.459496 0.544732 0.414562 0.536487 0.459786 0.539285 0.455521 0.516147 0.469268 0.528256 0.595377 0.246708 0.626867 0.395321 0.464464 0.50116 0.49514 0.517668 0.466217 0.511942 0.484583 0.514812 0.459268 0.520341 0.470625 0.524169 0.581933 0.288887 0.596202 0.429872 0.484682 0.483094 0.498531 0.510712 0.471739 0.507275 0.487519 0.508624 0.43119 0.531709 0.460048 0.536814 0.542149 0.36309 0.574252 0.438958 0.504677 0.458158 0.521022 0.482978 0.470097 0.513124 0.486419 0.514629 
0.430991 0.508046 0.484734 0.522025 0.475714 0.479394 0.517899 0.494383 0.451083 0.50476 0.461199 0.54707 0.433457 0.524553 0.447885 0.531641 0.515677 0.439561 0.528997 0.462684 0.451844 0.501911 0.495971 0.516461 0.472099 0.462408 0.538822 0.494959 0.447854 0.507074 0.491689 0.50985 0.474333 0.4603 0.551679 0.466939 0.501103 0.432913 0.579422 0.438479 0.540682 0.423554 0.56363 0.427238 0.537975 0.427461 0.561618 0.438109 0.440005 0.470131 0.553033 0.480901 0.239583 0.505103 0.509159 0.548699 0.0223425 0.589932 0.446493 0.612453 0.0739502 0.558678 0.44112 0.590135 
0.445793 0.541166 0.450085 0.542202 0.488484 0.501582 0.494914 0.505149 0.47996 0.510454 0.486183 0.513604 0.487097 0.504364 0.490348 0.50902 0.445303 0.543049 0.449256 0.543491 0.50127 0.492796 0.50399 0.495055 0.494102 0.499846 0.495769 0.503417 0.499644 0.492284 0.502326 0.497247 0.442673 0.544218 0.447314 0.54492 0.488587 0.502535 0.49383 0.50657 0.485272 0.507231 0.48956 0.510321 0.480153 0.508664 0.486675 0.51351 0.434301 0.549528 0.441402 0.55032 0.480711 0.51026 0.486908 0.513103 0.484168 0.507051 0.489629 0.509408 0.495043 0.49438 0.500496 0.499235 
0.425516 0.534808 0.458566 0.534896 0.481817 0.499787 0.497807 0.500463 0.527661 0.456865 0.529626 0.465508 0.527544 0.445076 0.529715 0.455839 0.293892 0.592408 0.406813 0.595293 0.239104 0.625108 0.366151 0.625767 0.295532 0.59207 0.418279 0.602761 0.404959 0.537202 0.465351 0.549269 0.449812 0.530856 0.457616 0.53329 0.439667 0.543587 0.447386 0.544465 0.388642 0.573633 0.403967 0.579154 0.335236 0.591121 0.372546 0.604885 0.483795 0.483023 0.49868 0.487222 0.502862 0.475889 0.515971 0.477755 0.445288 0.517551 0.480116 0.522208 0.410531 0.540819 0.451401 0.552518 
0.577224 0.326147 0.60161 0.406978 0.419855 0.492659 0.514667 0.546327 0.16911 0.585904 0.446229 0.622121 0.229915 0.605402 0.397395 0.605978 0.521651 0.427463 0.568281 0.450812 0.568806 0.240219 0.584441 0.476796 0.458901 0.511509 0.468871 0.545022 0.391331 0.583016 0.391896 0.583016 0.544164 0.413816 0.562752 0.454954 0.577948 0.153275 0.585408 0.520705 0.488094 0.505291 0.488241 0.505291 0.372824 0.595493 0.372824 0.595493 -0.0971937 0.342507 0.462541 0.691932 0.167706 0.4762 0.511671 0.622402 0.413125 0.503344 0.525896 0.511647 0.324762 0.586972 0.417046 0.586972 
0.488416 0.485421 0.506641 0.486812 0.503786 0.480705 0.512112 0.484259 0.519825 0.463362 0.524649 0.471839 0.502639 0.480138 0.508589 0.490288 0.399969 0.550326 0.449586 0.551817 0.469381 0.502164 0.504014 0.505654 0.515265 0.451563 0.542624 0.457145 0.510553 0.458704 0.533144 0.469674 0.47336 0.495716 0.492228 0.506354 0.323123 0.585485 0.401526 0.598823 0.329287 0.576034 0.411197 0.599025 0.415042 0.53509 0.457228 0.546649 0.564816 0.401116 0.576614 0.408934 0.57863 0.377321 0.586391 0.395483 0.541078 0.43428 0.549224 0.440039 0.467177 0.497535 0.48463 0.507787 
0.295649 0.620474 0.326273 0.620474 0.407151 0.573725 0.408456 0.573764 0.587449 0.39187 0.587449 0.392409 0.567314 0.382297 0.572875 0.433528 0.527397 0.293772 0.645951 0.427039 0.261371 0.630799 0.319734 0.643817 0.208331 0.664434 0.255676 0.664434 0.503221 0.459537 0.519668 0.502572 0.504378 0.435376 0.585735 0.441777 0.445363 0.399905 0.622618 0.496808 0.522745 0.426461 0.538903 0.485795 0.123053 0.629257 0.29372 0.694263 0.569484 0.405518 0.577872 0.411795 0.586804 0.385158 0.586804 0.386286 0.334049 0.524651 0.518675 0.569381 0.637454 0.18789 0.66306 0.324142 
0.541638 0.447394 0.542503 0.449748 0.545693 0.436253 0.54646 0.445302 0.503294 0.484994 0.507186 0.489181 0.509789 0.474419 0.515546 0.486703 0.48994 0.487924 0.512468 0.494143 0.524548 0.457461 0.530115 0.47397 0.503088 0.477972 0.513764 0.489065 0.481328 0.487626 0.500125 0.505355 0.482667 0.503758 0.488229 0.508421 0.520369 0.463179 0.523549 0.476541 0.530236 0.455507 0.534392 0.460887 0.570856 0.384075 0.579174 0.409129 0.477348 0.509596 0.487184 0.511208 0.454865 0.527839 0.466466 0.531471 0.467876 0.51553 0.476646 0.518312 0.576253 0.378695 0.585383 0.402481 
0.487466 0.494572 0.498132 0.497638 0.482357 0.506414 0.486646 0.513389 0.466957 0.518606 0.472746 0.523898 0.464677 0.513695 0.47529 0.522753 0.506771 0.474767 0.515917 0.48204 0.505276 0.478835 0.51473 0.482864 0.485907 0.507376 0.488683 0.508233 0.483764 0.50145 0.493457 0.504957 0.568008 0.40927 0.569987 0.413476 0.566151 0.411877 0.568555 0.417036 0.562238 0.406263 0.570487 0.41928 0.522899 0.459099 0.529355 0.463323 0.526624 0.451549 0.539544 0.45364 0.557716 0.422947 0.56479 0.423736 0.579689 0.386934 0.586372 0.39524 0.574568 0.389134 0.582095 0.401786 
0.552338 0.431193 0.554213 0.431946 0.548031 0.437113 0.548645 0.440628 0.541737 0.443192 0.542727 0.447671 0.494583 0.496235 0.499173 0.499378 0.426691 0.554706 0.4354 0.555765 0.455661 0.53022 0.466238 0.53264 0.486764 0.503284 0.49698 0.5046 0.518413 0.468535 0.522167 0.477312 0.512326 0.47966 0.515088 0.481308 0.489322 0.501411 0.491915 0.505253 0.475775 0.516987 0.480395 0.518305 0.479174 0.509291 0.482507 0.514314 0.503416 0.485975 0.510144 0.487271 0.500141 0.488073 0.505212 0.494206 0.493233 0.496658 0.498165 0.500243 0.493428 0.49753 0.497579 0.500706 
0.490001 0.49469 0.492582 0.498504 0.493487 0.486074 0.499321 0.494236 0.598829 0.293157 0.60362 0.39072 0.44889 0.525245 0.457881 0.537059 0.465113 0.513029 0.483505 0.514014 0.444544 0.516128 0.473091 0.533817 0.593701 0.276428 0.603493 0.409885 0.452741 0.519252 0.468804 0.528458 0.464403 0.509581 0.483989 0.51036 0.444564 0.524714 0.457182 0.540191 0.572791 0.322634 0.582438 0.434784 0.461851 0.521981 0.469645 0.528206 0.47661 0.508952 0.48426 0.509517 0.466465 0.511406 0.483345 0.516865 0.568662 0.348265 0.584059 0.420154 0.482064 0.497026 0.493337 0.505135 
0.498676 0.496141 0.500066 0.497268 0.48905 0.505562 0.4914 0.506576 0.497766 0.497142 0.49874 0.498331 0.501881 0.493244 0.502705 0.495885 0.507777 0.488075 0.508535 0.488756 0.502813 0.49324 0.504143 0.494257 0.513826 0.480895 0.5161 0.481811 0.492988 0.500845 0.495451 0.502938 0.495152 0.498226 0.498249 0.499973 0.473113 0.519566 0.47728 0.520846 0.492302 0.502653 0.495669 0.504373 0.493991 0.49913 0.4965 0.501289 0.530602 0.456773 0.537194 0.460287 0.511698 0.481233 0.516339 0.481846 0.501629 0.492192 0.506937 0.492569 0.495159 0.496384 0.500171 0.498543 
0.299198 0.619351 0.338114 0.620851 0.588672 0.357733 0.602764 0.373333 0.563027 0.402052 0.57665 0.411966 0.449124 0.517295 0.47581 0.526314 0.536917 0.443935 0.538906 0.450344 0.416237 0.544108 0.43513 0.561725 0.484516 0.487385 0.516827 0.49856 0.591196 0.34624 0.599863 0.36482 0.521344 0.467492 0.527848 0.468226 0.529022 0.451067 0.535827 0.459041 0.454538 0.526902 0.469084 0.531882 0.454489 0.512519 0.489029 0.522515 0.553859 0.428288 0.558954 0.430457 0.516344 0.47511 0.521187 0.475617 0.518959 0.470634 0.523687 0.472158 0.50681 0.4675 0.518161 0.479346 
0.614062 0.308378 0.621646 0.325209 0.522746 0.439933 0.544554 0.460513 0.384908 0.550764 0.439212 0.568179 0.380051 0.57228 0.396857 0.585617 0.381464 0.56221 0.430385 0.56715 0.551701 0.382983 0.579661 0.40175 0.586867 0.362899 0.594456 0.378382 0.410829 0.546343 0.445636 0.562281 0.562446 0.41514 0.566163 0.41977 0.385482 0.566434 0.419739 0.569584 0.493925 0.458553 0.533119 0.46533 0.618688 0.312442 0.624399 0.332703 0.52821 0.458592 0.528532 0.458592 0.566264 0.415286 0.566275 0.419763 0.455112 0.517233 0.472478 0.518774 0.327278 0.581178 0.40192 0.589772 
0.493932 0.490519 0.498524 0.499045 0.416704 0.532524 0.458814 0.556225 0.290115 0.529865 0.433707 0.608331 0.273647 0.575884 0.401362 0.615581 0.611935 0.325852 0.616417 0.338685 0.594041 0.277008 0.632981 0.358942 0.543313 0.327617 0.60823 0.417691 0.38086 0.535589 0.449449 0.562818 0.0345233 0.489326 0.572401 0.554962 0.189162 0.477204 0.601668 0.52452 0.277248 0.318419 0.635649 0.500863 0.387233 0.509026 0.471872 0.541716 0.53148 0.391374 0.562397 0.41818 0.530845 0.409829 0.569489 0.425827 0.472218 0.447425 0.533369 0.483931 0.293542 0.576377 0.406093 0.594238 
0.469771 0.518493 0.476543 0.518776 0.551539 0.432449 0.55469 0.436194 0.547665 0.434807 0.548355 0.441773 0.506176 0.475453 0.516995 0.482347 0.492985 0.498806 0.497054 0.498889 0.518643 0.469217 0.526847 0.471135 0.553922 0.423195 0.563016 0.428905 0.529651 0.453517 0.53565 0.462398 0.458164 0.529689 0.464422 0.530699 0.46533 0.522884 0.470406 0.525701 0.506211 0.483113 0.513127 0.488584 0.541494 0.441595 0.546011 0.449529 0.427437 0.549384 0.441884 0.550941 0.464703 0.520132 0.476557 0.523256 0.473836 0.513199 0.486965 0.513497 0.496863 0.486889 0.508754 0.493534 
0.562774 0.0473272 0.599468 0.49238 0.462292 0.456437 0.554323 0.480319 0.443121 0.493232 0.478486 0.518012 0.519711 0.428838 0.553388 0.455204 0.461796 0.0189559 0.611119 0.523157 0.384305 0.510866 0.531932 0.521242 0.379377 0.544083 0.4645 0.548643 0.560085 0.345745 0.581921 0.410534 0.570568 0.115081 0.599853 0.459394 0.468135 0.468733 0.515637 0.493643 0.333546 0.562367 0.443069 0.572592 0.310399 0.543848 0.448041 0.572421 0.556019 0.294678 0.58729 0.438257 0.515505 0.405076 0.552449 0.443232 0.41078 0.501339 0.519515 0.509958 0.400386 0.484457 0.523349 0.522217 
0.563875 0.397354 0.564591 0.416426 0.494964 0.489949 0.49859 0.494358 0.495638 0.492961 0.498184 0.496634 0.456525 0.528923 0.461296 0.530503 0.603579 0.33737 0.606518 0.369615 0.478562 0.506504 0.483082 0.512746 0.474948 0.511556 0.484818 0.514313 0.492976 0.49567 0.495786 0.500281 0.60277 0.331207 0.604255 0.376816 0.496845 0.492468 0.499961 0.495447 0.480837 0.50827 0.487002 0.512959 0.475039 0.514268 0.479517 0.517249 0.579228 0.371746 0.582315 0.404174 0.52805 0.44911 0.533099 0.453713 0.477791 0.499946 0.49047 0.5037 0.49217 0.491886 0.50431 0.493752 
0.517488 0.474897 0.517756 0.475331 0.523387 0.467653 0.524502 0.470842 0.540443 0.445053 0.541777 0.446408 0.548041 0.43201 0.548928 0.441294 0.452558 0.534187 0.455894 0.535431 0.484189 0.504513 0.487399 0.509253 0.502406 0.48683 0.507824 0.488061 0.531588 0.451583 0.53537 0.458542 0.469808 0.519642 0.473231 0.521352 0.443459 0.53816 0.450498 0.541056 0.44983 0.534676 0.456832 0.535853 0.526862 0.456935 0.529782 0.464003 0.491405 0.491367 0.500986 0.494247 0.47586 0.506382 0.488434 0.511791 0.398283 0.566851 0.419204 0.567915 0.318073 0.607336 0.363601 0.613963 
0.483671 0.502318 0.493492 0.505588 0.48985 0.496836 0.495066 0.503793 0.455964 0.528996 0.463045 0.530758 0.381237 0.585354 0.392859 0.587908 0.515656 0.475151 0.518404 0.476877 0.501166 0.490017 0.508434 0.491698 0.508948 0.473412 0.521193 0.483855 0.491645 0.497965 0.495605 0.502631 0.519055 0.470202 0.525129 0.472979 0.527205 0.464724 0.528809 0.467714 0.524073 0.467332 0.525655 0.470695 0.504171 0.484028 0.509988 0.488956 0.479162 0.51341 0.483897 0.513531 0.481819 0.501754 0.487737 0.510609 0.489337 0.492895 0.498714 0.500716 0.492714 0.496902 0.497938 0.499378 
0.506162 0.455376 0.515135 0.484194 0.449697 0.5211 0.466493 0.527991 0.441433 0.532584 0.447764 0.537053 0.416462 0.54509 0.42742 0.556237 0.560991 0.410431 0.567624 0.417442 0.558935 0.408683 0.567226 0.42774 0.460381 0.521915 0.473157 0.527879 0.453071 0.523253 0.457493 0.535741 0.280746 0.632093 0.318687 0.634661 0.504621 0.468536 0.521372 0.487416 0.578266 0.386429 0.58042 0.394818 0.496694 0.485971 0.499734 0.499988 0.551114 0.406711 0.576504 0.420738 0.422701 0.541864 0.445848 0.546325 0.396115 0.555564 0.434428 0.567787 0.571568 0.364113 0.588022 0.376363 
